0,4
0,6
0,11
0,13
0,21
0,23
0,24
0,31
0,33
0,36
0,39
0,44
0,47
0,51
0,53
0,54
0,55
0,63
0,68
1,0
1,2
1,3
1,9
1,18
1,21
1,23
1,25
1,29
1,40
1,43
1,46
1,48
1,53
1,56
1,57
1,58
1,60
2,5
2,7
2,22
2,30
2,33
2,43
2,51
2,53
2,62
2,64
2,65
3,5
3,12
3,26
3,28
3,33
3,42
3,51
3,53
3,61
4,1
4,7
4,8
4,10
4,16
4,32
4,36
4,38
4,40
4,50
4,51
4,52
4,67
5,7
5,14
5,16
5,19
5,20
5,21
5,25
5,27
5,35
5,37
5,42
5,45
5,50
6,2
6,5
6,17
6,30
6,33
6,41
6,49
6,68
7,3
7,12
7,16
7,17
7,20
7,32
7,53
7,57
7,59
7,63
7,65
8,11
8,14
8,26
8,30
8,31
8,32
8,39
8,47
8,49
8,61
8,66
8,69
9,0
9,1
9,5
9,11
9,13
9,14
9,20
9,24
9,27
9,30
9,42
9,43
9,44
9,49
9,50
9,51
9,57
9,63
9,66
9,68
10,4
10,9
10,11
10,19
10,27
10,31
10,32
10,46
10,61
10,64
10,67
10,69
11,0
11,4
11,7
11,23
11,27
11,29
11,30
11,34
11,45
11,48
11,61
11,64
11,66
12,4
12,19
12,25
12,34
12,36
12,40
12,44
12,53
12,55
12,63
12,65
13,6
13,8
13,18
13,23
13,35
13,36
13,38
13,43
13,46
13,51
13,55
13,64
14,0
14,5
14,9
14,19
14,23
14,32
14,36
14,46
14,48
14,49
14,51
14,53
14,54
14,61
14,64
14,65
15,4
15,6
15,7
15,10
15,12
15,14
15,17
15,20
15,28
15,30
15,43
15,44
15,51
16,3
16,5
16,9
16,10
16,14
16,15
16,25
16,31
16,32
16,35
16,40
16,49
16,59
16,62
17,0
17,1
17,3
17,5
17,7
17,9
17,16
17,37
17,45
17,53
17,56
17,57
17,59
18,1
18,14
18,20
18,22
18,24
18,25
18,30
18,33
18,39
18,47
18,57
18,64
19,2
19,8
19,11
19,26
19,34
19,35
19,38
19,39
19,45
19,51
19,52
19,55
19,59
19,65
19,68
20,10
20,13
20,14
20,16
20,28
20,33
20,35
20,42
20,59
20,67
21,1
21,8
21,10
21,12
21,14
21,17
21,19
21,22
21,32
21,33
21,36
21,40
21,41
21,45
21,47
21,62
21,64
22,5
22,7
22,15
22,16
22,32
22,34
22,35
22,43
22,46
22,47
22,53
22,56
22,58
22,60
22,65
22,66
22,68
23,5
23,7
23,8
23,10
23,34
23,42
23,61
23,63
24,4
24,5
24,9
24,28
24,30
24,31
24,35
24,41
24,49
24,51
24,53
24,54
24,62
25,5
25,6
25,11
25,17
25,18
25,19
25,33
25,35
25,43
25,44
25,45
25,60
25,62
25,63
25,64
25,69
26,7
26,9
26,17
26,24
26,31
26,35
26,45
26,47
26,48
26,49
26,54
26,63
26,64
27,0
27,3
27,7
27,9
27,15
27,24
27,25
27,30
27,31
27,32
27,38
27,50
27,53
27,59
28,3
28,35
28,45
28,54
28,61
28,66
28,67
29,2
29,7
29,18
29,24
29,27
29,30
29,31
29,32
29,39
29,50
29,51
29,61
29,63
29,64
30,0
30,2
30,10
30,16
30,18
30,23
30,25
30,27
30,28
30,38
30,41
30,47
30,48
30,49
30,50
30,51
30,57
31,2
31,25
31,26
31,44
31,60
32,1
32,2
32,5
32,13
32,30
32,35
32,36
32,48
32,65
32,69
33,8
33,9
33,11
33,15
33,25
33,27
33,35
33,37
33,38
33,40
33,41
33,48
33,50
33,61
33,62
33,66
33,68
34,2
34,3
34,10
34,13
34,15
34,19
34,24
34,25
34,31
34,33
34,35
34,38
34,39
34,54
34,62
34,66
34,67
35,8
35,10
35,12
35,15
35,17
35,20
35,23
35,30
35,34
35,38
35,39
35,43
35,49
35,58
35,59
35,67
36,1
36,12
36,21
36,22
36,23
36,31
36,34
36,40
36,46
36,51
36,58
36,61
36,66
37,4
37,5
37,6
37,7
37,11
37,28
37,38
37,42
37,47
37,50
37,63
38,1
38,8
38,10
38,11
38,25
38,26
38,37
38,41
38,42
38,59
38,61
38,63
39,6
39,9
39,10
39,12
39,15
39,18
39,33
39,35
39,37
39,38
39,42
39,54
39,60
39,62
39,68
40,6
40,14
40,19
40,21
40,23
40,42
40,45
40,51
40,57
40,58
41,0
41,16
41,19
41,22
41,26
41,33
41,39
41,45
41,54
41,55
41,58
41,59
41,64
41,66
42,4
42,9
42,30
42,32
42,33
42,48
42,50
42,52
42,54
42,58
42,63
42,65
43,4
43,12
43,14
43,23
43,28
43,40
43,51
43,61
43,67
43,68
44,2
44,7
44,17
44,25
44,30
44,31
44,32
44,36
44,39
44,49
44,54
44,61
44,62
44,65
44,67
45,8
45,13
45,19
45,31
45,36
45,38
45,39
45,48
45,49
45,50
45,56
46,1
46,7
46,19
46,26
46,39
46,48
46,49
46,50
46,56
46,58
46,64
47,4
47,14
47,26
47,33
47,55
47,59
47,66
47,68
48,4
48,8
48,11
48,12
48,18
48,23
48,30
48,37
48,40
48,42
48,55
48,59
49,1
49,2
49,10
49,13
49,18
49,19
49,21
49,40
49,46
49,55
49,64
49,65
49,66
50,3
50,4
50,12
50,22
50,36
50,37
50,38
50,39
50,42
50,45
50,46
50,49
50,51
50,53
50,59
50,60
50,64
50,65
50,68
51,9
51,10
51,11
51,14
51,15
51,16
51,26
51,34
51,50
51,52
51,55
51,66
51,69
52,0
52,1
52,2
52,9
52,14
52,22
52,24
52,25
52,49
52,55
52,60
52,61
53,0
53,2
53,5
53,10
53,16
53,17
53,20
53,26
53,27
53,32
53,33
53,36
53,38
53,55
53,69
54,12
54,15
54,19
54,23
54,24
54,26
54,27
54,28
54,37
54,39
54,48
54,51
54,63
54,66
55,4
55,9
55,11
55,12
55,18
55,22
55,23
55,25
55,41
55,42
55,46
55,47
55,50
55,59
55,62
55,65
55,67
56,6
56,19
56,20
56,21
56,30
56,34
56,38
56,43
56,46
56,58
56,59
56,60
56,64
57,2
57,4
57,8
57,10
57,14
57,15
57,20
57,25
57,37
57,38
57,40
57,44
57,50
57,55
57,56
57,58
57,60
57,66
57,68
58,1
58,5
58,8
58,9
58,13
58,15
58,18
58,24
58,31
58,42
58,51
58,53
58,57
58,60
58,61
58,69
59,0
59,5
59,8
59,12
59,13
59,16
59,29
59,32
59,35
59,37
59,41
59,46
59,49
59,56
59,57
59,58
59,67
60,0
60,15
60,27
60,29
60,30
60,31
60,32
60,34
60,36
60,39
60,49
60,52
60,53
60,55
60,56
60,65
61,0
61,3
61,4
61,7
61,14
61,29
61,39
61,41
61,44
61,46
61,53
61,54
61,55
61,59
61,62
61,67
61,68
62,0
62,1
62,3
62,7
62,8
62,11
62,14
62,21
62,22
62,24
62,37
62,38
62,43
62,47
62,51
62,57
63,2
63,3
63,7
63,8
63,9
63,10
63,11
63,21
63,23
63,25
63,28
63,32
63,37
63,39
63,45
63,48
63,50
63,51
63,52
63,57
63,59
63,60
63,61
63,66
64,16
64,21
64,25
64,29
64,30
64,33
64,37
64,47
64,54
64,65
64,66
65,2
65,5
65,7
65,10
65,17
65,18
65,19
65,26
65,30
65,31
65,33
65,37
65,43
65,44
65,45
65,62
65,63
65,67
65,69
66,0
66,8
66,11
66,15
66,16
66,18
66,22
66,23
66,27
66,34
66,36
66,38
66,45
66,46
66,48
66,56
66,60
66,61
67,2
67,4
67,5
67,11
67,16
67,20
67,25
67,29
67,33
67,38
67,44
67,45
67,46
67,48
67,54
67,68
68,0
68,5
68,6
68,12
68,14
68,15
68,17
68,18
68,24
68,27
68,30
68,41
68,42
68,43
68,53
68,54
68,56
69,2
69,13
69,21
69,27
69,28
69,39
69,40
69,42
69,54
69,56
69,62
69,63
69,64
69,66
