0,7
0,8
0,17
0,25
0,29
0,34
0,39
0,42
0,56
0,59
0,62
0,63
0,66
1,0
1,7
1,8
1,10
1,20
1,39
1,41
1,42
1,59
1,61
1,66
2,1
2,4
2,9
2,20
2,22
2,28
2,39
2,46
2,52
2,53
2,57
2,69
3,11
3,12
3,13
3,28
3,35
3,41
3,42
3,48
3,51
3,54
3,55
3,56
3,59
3,60
3,66
4,6
4,8
4,13
4,16
4,18
4,24
4,26
4,31
4,44
4,46
5,3
5,7
5,9
5,10
5,11
5,15
5,16
5,31
5,36
5,40
5,42
5,52
5,55
5,56
5,57
5,64
5,67
5,68
6,3
6,16
6,24
6,28
6,33
6,36
6,39
6,44
6,50
6,58
6,61
6,62
6,65
7,12
7,18
7,20
7,22
7,29
7,35
7,42
7,47
7,57
7,65
7,67
7,69
8,4
8,7
8,11
8,12
8,14
8,18
8,22
8,24
8,29
8,33
8,40
8,46
8,49
8,65
9,2
9,5
9,8
9,11
9,26
9,32
9,36
9,38
9,53
9,56
9,57
9,63
10,0
10,1
10,3
10,20
10,23
10,24
10,29
10,30
10,35
10,38
10,40
10,42
10,43
10,54
10,61
11,10
11,20
11,26
11,28
11,29
11,31
11,32
11,46
11,50
11,52
11,57
11,58
12,4
12,8
12,17
12,21
12,25
12,27
12,32
12,37
12,42
12,43
12,44
12,51
12,52
12,55
12,58
12,61
12,69
13,4
13,8
13,9
13,10
13,11
13,14
13,20
13,26
13,28
13,32
13,36
13,37
13,39
13,47
13,53
13,59
13,62
13,66
14,1
14,2
14,3
14,6
14,19
14,27
14,29
14,30
14,32
14,34
14,41
14,48
14,49
14,52
14,64
14,67
15,8
15,24
15,29
15,30
15,38
15,40
15,43
15,44
15,48
15,53
15,56
15,68
16,2
16,9
16,23
16,24
16,29
16,31
16,35
16,36
16,50
16,51
16,52
16,59
16,62
16,66
17,6
17,10
17,11
17,12
17,13
17,16
17,21
17,26
17,28
17,30
17,33
17,37
17,40
17,44
17,47
18,5
18,20
18,28
18,29
18,33
18,43
18,48
18,54
18,55
18,58
18,59
18,60
18,61
18,68
19,5
19,7
19,8
19,14
19,22
19,23
19,28
19,29
19,32
19,38
19,42
19,47
19,52
19,60
19,69
20,7
20,9
20,18
20,21
20,22
20,26
20,40
20,53
20,57
20,60
20,62
20,63
20,66
20,68
21,1
21,4
21,8
21,17
21,20
21,22
21,26
21,36
21,38
21,45
21,61
21,62
21,64
22,4
22,8
22,11
22,26
22,27
22,31
22,37
22,39
22,45
22,50
23,1
23,5
23,7
23,9
23,14
23,17
23,21
23,27
23,35
23,37
23,44
23,60
23,62
23,63
23,68
24,12
24,19
24,23
24,31
24,35
24,36
24,39
24,46
24,50
24,53
24,57
24,60
24,61
24,65
24,67
25,4
25,6
25,12
25,20
25,24
25,41
25,46
25,50
25,51
25,55
25,56
25,58
26,1
26,3
26,17
26,18
26,19
26,20
26,22
26,25
26,29
26,30
26,40
26,44
26,48
26,57
26,60
26,64
27,2
27,3
27,10
27,26
27,29
27,30
27,32
27,37
27,38
27,40
27,43
27,48
27,49
27,58
27,59
27,60
28,11
28,18
28,19
28,22
28,25
28,40
28,43
28,47
28,50
28,52
28,66
29,4
29,6
29,7
29,9
29,10
29,20
29,22
29,26
29,28
29,31
29,34
29,37
29,39
29,40
29,41
29,43
29,44
29,48
29,56
29,57
29,58
29,62
30,0
30,3
30,4
30,7
30,14
30,15
30,32
30,34
30,35
30,36
30,43
30,46
30,53
30,57
30,59
30,65
31,0
31,2
31,6
31,7
31,10
31,13
31,26
31,29
31,30
31,39
31,49
31,55
31,56
31,58
31,64
31,68
32,1
32,4
32,17
32,19
32,39
32,42
32,46
32,47
32,50
32,52
32,55
32,60
33,1
33,6
33,9
33,19
33,21
33,22
33,29
33,46
33,57
33,65
34,0
34,4
34,15
34,19
34,29
34,35
34,37
34,47
34,56
34,58
34,63
35,0
35,7
35,9
35,10
35,12
35,14
35,16
35,18
35,23
35,28
35,29
35,32
35,40
35,44
35,50
35,53
36,0
36,4
36,6
36,13
36,17
36,20
36,31
36,32
36,38
36,39
36,45
36,47
36,48
36,64
36,68
37,1
37,5
37,6
37,9
37,16
37,22
37,26
37,33
37,43
37,50
37,53
37,55
37,67
37,69
38,10
38,11
38,12
38,16
38,19
38,32
38,34
38,41
38,43
38,47
38,54
39,8
39,9
39,15
39,16
39,18
39,27
39,35
39,41
39,42
39,47
39,51
39,55
39,57
39,58
39,59
39,64
39,67
40,3
40,4
40,8
40,9
40,10
40,15
40,18
40,23
40,27
40,29
40,31
40,32
40,33
40,35
40,49
40,53
40,61
40,64
41,1
41,2
41,3
41,5
41,12
41,15
41,18
41,21
41,24
41,28
41,33
41,35
41,40
41,47
41,50
41,54
41,57
41,64
41,69
42,1
42,10
42,13
42,17
42,18
42,28
42,37
42,38
42,48
42,51
42,53
42,56
42,57
42,60
42,65
43,2
43,10
43,17
43,30
43,33
43,34
43,40
43,49
43,50
43,51
43,54
43,58
43,63
43,68
43,69
44,5
44,7
44,8
44,10
44,11
44,16
44,24
44,28
44,30
44,33
44,46
44,48
44,57
45,5
45,22
45,32
45,35
45,39
45,58
46,5
46,13
46,14
46,16
46,18
46,28
46,36
46,40
46,44
46,60
46,63
47,4
47,6
47,7
47,18
47,19
47,30
47,41
47,46
47,49
47,54
47,63
47,64
48,6
48,9
48,13
48,15
48,17
48,24
48,28
48,38
48,40
48,45
48,47
48,49
48,50
48,56
48,58
48,60
48,62
48,66
48,67
48,68
49,4
49,5
49,13
49,17
49,19
49,20
49,24
49,35
49,37
49,41
49,53
49,65
49,68
50,13
50,15
50,18
50,19
50,36
50,37
50,54
50,55
50,58
50,59
50,60
50,64
50,65
50,68
51,2
51,3
51,7
51,27
51,28
51,32
51,36
51,37
51,41
51,52
51,61
51,69
52,7
52,12
52,15
52,32
52,35
52,39
52,42
52,43
52,49
52,65
52,67
53,2
53,7
53,9
53,10
53,19
53,24
53,27
53,31
53,38
53,39
53,42
53,45
53,52
53,54
53,67
53,69
54,0
54,4
54,5
54,7
54,9
54,11
54,22
54,26
54,27
54,29
54,46
54,61
54,62
55,0
55,3
55,4
55,6
55,7
55,8
55,9
55,19
55,30
55,39
55,44
55,48
55,50
55,65
55,66
56,14
56,24
56,25
56,29
56,39
56,50
56,51
56,55
56,61
56,64
56,66
56,67
56,68
57,1
57,2
57,6
57,8
57,13
57,16
57,21
57,23
57,38
57,47
57,51
57,54
58,2
58,5
58,7
58,8
58,9
58,19
58,33
58,35
58,44
58,52
58,66
58,68
58,69
59,5
59,10
59,15
59,16
59,19
59,21
59,29
59,36
59,54
60,8
60,11
60,12
60,13
60,15
60,21
60,22
60,25
60,28
60,44
60,45
60,51
60,54
60,59
60,68
61,7
61,9
61,10
61,12
61,25
61,30
61,34
61,40
61,50
61,55
61,62
61,63
61,64
61,67
61,69
62,5
62,11
62,14
62,15
62,18
62,23
62,25
62,30
62,38
62,42
62,49
62,51
62,56
62,69
63,2
63,5
63,6
63,11
63,20
63,29
63,30
63,32
63,45
63,51
63,55
63,58
63,64
64,2
64,16
64,23
64,37
64,43
64,53
64,57
64,61
64,65
65,9
65,13
65,20
65,22
65,28
65,31
65,47
65,52
65,54
65,55
65,57
65,61
66,6
66,13
66,15
66,16
66,23
66,24
66,37
66,38
66,51
66,59
66,63
66,67
66,68
66,69
67,1
67,2
67,8
67,15
67,17
67,18
67,31
67,33
67,36
67,39
67,41
67,42
67,51
67,54
67,55
68,3
68,5
68,8
68,9
68,16
68,18
68,19
68,20
68,22
68,24
68,27
68,29
68,31
68,39
68,43
68,64
68,65
69,6
69,19
69,21
69,22
69,25
69,33
69,35
69,42
69,47
69,50
69,57
69,58
